3 1024
31228.000000		28393.000000		25842.000000		268435456
18841.000000		14287.000000		1882.000000		268435456
15908.000000		3507.000000		22189.000000		268435456
23165.000000		25024.000000		18191.000000		268435456
19534.000000		27069.000000		25559.000000		268435456
12421.000000		17145.000000		26070.000000		268435456
25478.000000		6354.000000		2631.000000		268435456
27785.000000		8660.000000		11756.000000		268435456
1321.000000		20116.000000		32733.000000		268435456
4755.000000		14636.000000		29153.000000		268435456
10289.000000		29225.000000		25340.000000		268435456
9214.000000		26487.000000		1731.000000		268435456
13351.000000		28877.000000		30806.000000		268435456
17792.000000		7716.000000		20861.000000		268435456
18069.000000		9498.000000		20116.000000		268435456
18360.000000		28032.000000		12986.000000		268435456
16583.000000		14622.000000		30094.000000		268435456
26897.000000		2178.000000		7923.000000		268435456
5442.000000		32164.000000		14848.000000		268435456
24084.000000		31055.000000		6247.000000		268435456
4918.000000		23344.000000		22527.000000		268435456
10638.000000		19036.000000		7988.000000		268435456
21461.000000		20896.000000		9640.000000		268435456
8199.000000		29042.000000		4045.000000		268435456
16477.000000		376.000000		9397.000000		268435456
10881.000000		8452.000000		25205.000000		268435456
14630.000000		1593.000000		1273.000000		268435456
2685.000000		6549.000000		24214.000000		268435456
1322.000000		2903.000000		15102.000000		268435456
5551.000000		30748.000000		11013.000000		268435456
11952.000000		3500.000000		13615.000000		268435456
10740.000000		8110.000000		16529.000000		268435456
7458.000000		14709.000000		16214.000000		268435456
2647.000000		3033.000000		13937.000000		268435456
25920.000000		22849.000000		5982.000000		268435456
31831.000000		26217.000000		14445.000000		268435456
16423.000000		25690.000000		26513.000000		268435456
26794.000000		30359.000000		17626.000000		268435456
12001.000000		31625.000000		6598.000000		268435456
1311.000000		14545.000000		9399.000000		268435456
21381.000000		6477.000000		5193.000000		268435456
13705.000000		30109.000000		31380.000000		268435456
18950.000000		30425.000000		15448.000000		268435456
28584.000000		21312.000000		21777.000000		268435456
6723.000000		14705.000000		25482.000000		268435456
4741.000000		28977.000000		30723.000000		268435456
2553.000000		29702.000000		23683.000000		268435456
23504.000000		28040.000000		7091.000000		268435456
28839.000000		30492.000000		10427.000000		268435456
1555.000000		5087.000000		17330.000000		268435456
2179.000000		23905.000000		21572.000000		268435456
12502.000000		12898.000000		5927.000000		268435456
24330.000000		19834.000000		30159.000000		268435456
4111.000000		32005.000000		25269.000000		268435456
19676.000000		6645.000000		14444.000000		268435456
4720.000000		20502.000000		12352.000000		268435456
4062.000000		20067.000000		8621.000000		268435456
18035.000000		23202.000000		15168.000000		268435456
5077.000000		25855.000000		16947.000000		268435456
21549.000000		3691.000000		2140.000000		268435456
29948.000000		25208.000000		30684.000000		268435456
30295.000000		30304.000000		7558.000000		268435456
9539.000000		32174.000000		12285.000000		268435456
1805.000000		5585.000000		21466.000000		268435456
10290.000000		22403.000000		32114.000000		268435456
1324.000000		478.000000		3799.000000		268435456
25261.000000		11035.000000		10603.000000		268435456
32094.000000		21452.000000		23773.000000		268435456
21260.000000		22800.000000		30526.000000		268435456
3636.000000		11842.000000		13044.000000		268435456
31545.000000		20619.000000		29349.000000		268435456
24793.000000		10404.000000		10817.000000		268435456
10721.000000		12103.000000		7475.000000		268435456
30789.000000		23295.000000		28597.000000		268435456
28884.000000		3555.000000		31462.000000		268435456
14076.000000		19018.000000		1757.000000		268435456
17953.000000		24588.000000		10007.000000		268435456
32702.000000		26594.000000		9950.000000		268435456
23200.000000		10347.000000		4679.000000		268435456
28586.000000		2188.000000		25851.000000		268435456
27613.000000		3673.000000		7789.000000		268435456
28872.000000		30307.000000		8765.000000		268435456
4258.000000		14278.000000		21200.000000		268435456
23040.000000		24188.000000		23060.000000		268435456
1687.000000		13274.000000		8607.000000		268435456
3537.000000		9769.000000		3591.000000		268435456
11435.000000		21297.000000		2235.000000		268435456
7033.000000		32028.000000		11984.000000		268435456
26954.000000		4298.000000		1135.000000		268435456
24134.000000		6365.000000		7540.000000		268435456
3207.000000		15099.000000		9739.000000		268435456
1348.000000		15182.000000		16189.000000		268435456
7612.000000		28172.000000		31135.000000		268435456
24975.000000		18740.000000		13721.000000		268435456
16740.000000		14916.000000		3405.000000		268435456
25572.000000		5883.000000		10061.000000		268435456
20227.000000		3468.000000		12767.000000		268435456
25168.000000		310.000000		14980.000000		268435456
6276.000000		15610.000000		16300.000000		268435456
9481.000000		13186.000000		30613.000000		268435456
6998.000000		25816.000000		7158.000000		268435456
26077.000000		31700.000000		23197.000000		268435456
10533.000000		22031.000000		14906.000000		268435456
28590.000000		355.000000		28228.000000		268435456
22805.000000		32249.000000		12852.000000		268435456
29693.000000		32169.000000		29756.000000		268435456
5040.000000		12799.000000		3709.000000		268435456
2676.000000		31532.000000		28769.000000		268435456
6938.000000		6807.000000		278.000000		268435456
13027.000000		28943.000000		29061.000000		268435456
24097.000000		12673.000000		568.000000		268435456
11324.000000		9122.000000		16200.000000		268435456
64.000000		30028.000000		21306.000000		268435456
4969.000000		20837.000000		13964.000000		268435456
6582.000000		10380.000000		17019.000000		268435456
4874.000000		12595.000000		9830.000000		268435456
6708.000000		15688.000000		11910.000000		268435456
2446.000000		29086.000000		32165.000000		268435456
15835.000000		32140.000000		30189.000000		268435456
32025.000000		4763.000000		7475.000000		268435456
30587.000000		10277.000000		3732.000000		268435456
3378.000000		27149.000000		15882.000000		268435456
25684.000000		9445.000000		14936.000000		268435456
24634.000000		14549.000000		6513.000000		268435456
7364.000000		13836.000000		2144.000000		268435456
24335.000000		14703.000000		30899.000000		268435456
21163.000000		13480.000000		22901.000000		268435456
31601.000000		21061.000000		3491.000000		268435456
31087.000000		1032.000000		17203.000000		268435456
19963.000000		25913.000000		1906.000000		268435456
31964.000000		3220.000000		16633.000000		268435456
7889.000000		25378.000000		20431.000000		268435456
9052.000000		18601.000000		29394.000000		268435456
30812.000000		9507.000000		19021.000000		268435456
27966.000000		20047.000000		2527.000000		268435456
17815.000000		26408.000000		25718.000000		268435456
26104.000000		22236.000000		16098.000000		268435456
17898.000000		26100.000000		20255.000000		268435456
15796.000000		8677.000000		6902.000000		268435456
24197.000000		26750.000000		27091.000000		268435456
28805.000000		17161.000000		17310.000000		268435456
5548.000000		12175.000000		20337.000000		268435456
3604.000000		640.000000		12974.000000		268435456
24193.000000		14308.000000		8020.000000		268435456
12201.000000		1646.000000		6076.000000		268435456
23596.000000		14910.000000		8342.000000		268435456
9175.000000		3945.000000		25631.000000		268435456
31085.000000		12833.000000		17749.000000		268435456
7738.000000		15547.000000		924.000000		268435456
11773.000000		16189.000000		29189.000000		268435456
7938.000000		7487.000000		21338.000000		268435456
7496.000000		16044.000000		20771.000000		268435456
6472.000000		22510.000000		21938.000000		268435456
29295.000000		20618.000000		30202.000000		268435456
28756.000000		885.000000		15603.000000		268435456
2950.000000		29593.000000		12592.000000		268435456
874.000000		26223.000000		53.000000		268435456
14991.000000		17387.000000		20559.000000		268435456
31920.000000		25105.000000		5326.000000		268435456
11435.000000		2757.000000		7570.000000		268435456
17228.000000		18286.000000		27657.000000		268435456
30821.000000		32063.000000		26518.000000		268435456
6605.000000		23458.000000		18473.000000		268435456
31278.000000		5188.000000		12481.000000		268435456
27000.000000		27004.000000		11497.000000		268435456
4712.000000		9224.000000		29819.000000		268435456
20507.000000		32642.000000		28394.000000		268435456
6796.000000		4618.000000		17553.000000		268435456
2404.000000		28520.000000		727.000000		268435456
3909.000000		4152.000000		27481.000000		268435456
3575.000000		24653.000000		30761.000000		268435456
2986.000000		26841.000000		20333.000000		268435456
4540.000000		22363.000000		21704.000000		268435456
21969.000000		31292.000000		7194.000000		268435456
14354.000000		4769.000000		7680.000000		268435456
30575.000000		21098.000000		15829.000000		268435456
12273.000000		55.000000		4235.000000		268435456
15691.000000		14918.000000		9299.000000		268435456
17182.000000		4118.000000		11410.000000		268435456
3745.000000		15582.000000		1050.000000		268435456
2817.000000		10539.000000		7162.000000		268435456
27094.000000		8926.000000		3999.000000		268435456
17082.000000		14976.000000		26713.000000		268435456
1536.000000		17254.000000		25687.000000		268435456
24968.000000		18330.000000		17252.000000		268435456
12597.000000		17067.000000		16955.000000		268435456
6560.000000		31587.000000		8116.000000		268435456
4512.000000		11313.000000		9394.000000		268435456
22279.000000		20270.000000		20793.000000		268435456
967.000000		6526.000000		2531.000000		268435456
14092.000000		15287.000000		13232.000000		268435456
31371.000000		6037.000000		12756.000000		268435456
31859.000000		18487.000000		15094.000000		268435456
5574.000000		3231.000000		28907.000000		268435456
3439.000000		12253.000000		9237.000000		268435456
10903.000000		19585.000000		27045.000000		268435456
24576.000000		20552.000000		3923.000000		268435456
17595.000000		9819.000000		12192.000000		268435456
11860.000000		13280.000000		27316.000000		268435456
19076.000000		20002.000000		2636.000000		268435456
12335.000000		24852.000000		4523.000000		268435456
30020.000000		27853.000000		22496.000000		268435456
14226.000000		13295.000000		12782.000000		268435456
20056.000000		9940.000000		358.000000		268435456
15893.000000		31109.000000		11947.000000		268435456
25866.000000		23532.000000		5879.000000		268435456
32178.000000		23834.000000		12936.000000		268435456
3071.000000		5194.000000		6021.000000		268435456
27373.000000		1310.000000		13885.000000		268435456
11516.000000		20181.000000		10684.000000		268435456
8098.000000		4684.000000		17581.000000		268435456
14365.000000		257.000000		13291.000000		268435456
19681.000000		7570.000000		1719.000000		268435456
28624.000000		25689.000000		24300.000000		268435456
28571.000000		24968.000000		28740.000000		268435456
25910.000000		30433.000000		13447.000000		268435456
5908.000000		676.000000		5439.000000		268435456
28860.000000		10953.000000		17350.000000		268435456
23887.000000		30056.000000		2163.000000		268435456
24833.000000		30517.000000		5679.000000		268435456
4338.000000		25664.000000		32641.000000		268435456
3696.000000		7937.000000		22247.000000		268435456
19799.000000		16082.000000		7795.000000		268435456
3081.000000		25549.000000		26911.000000		268435456
10427.000000		23258.000000		4756.000000		268435456
24150.000000		19122.000000		23911.000000		268435456
2523.000000		21243.000000		22421.000000		268435456
1924.000000		25968.000000		19890.000000		268435456
27981.000000		10758.000000		29480.000000		268435456
25612.000000		3572.000000		13875.000000		268435456
14466.000000		14753.000000		29332.000000		268435456
21879.000000		31623.000000		30047.000000		268435456
31538.000000		10585.000000		21236.000000		268435456
8481.000000		24587.000000		18348.000000		268435456
411.000000		10115.000000		2077.000000		268435456
18186.000000		8455.000000		25589.000000		268435456
10473.000000		28542.000000		24415.000000		268435456
30991.000000		4984.000000		25473.000000		268435456
21644.000000		24869.000000		21148.000000		268435456
21800.000000		12958.000000		27930.000000		268435456
32376.000000		7067.000000		21868.000000		268435456
9593.000000		26946.000000		15561.000000		268435456
30075.000000		16833.000000		2376.000000		268435456
16218.000000		546.000000		10753.000000		268435456
17457.000000		22757.000000		26347.000000		268435456
13989.000000		32646.000000		19556.000000		268435456
16443.000000		8848.000000		6769.000000		268435456
3301.000000		17206.000000		25451.000000		268435456
13508.000000		30850.000000		23773.000000		268435456
23612.000000		26428.000000		16274.000000		268435456
19577.000000		7738.000000		20744.000000		268435456
19489.000000		15677.000000		11232.000000		268435456
7813.000000		15774.000000		8999.000000		268435456
29248.000000		27980.000000		19668.000000		268435456
24359.000000		27802.000000		12654.000000		268435456
11292.000000		28291.000000		9773.000000		268435456
32766.000000		14288.000000		10618.000000		268435456
3661.000000		25296.000000		2818.000000		268435456
21800.000000		21174.000000		6529.000000		268435456
19566.000000		3241.000000		13344.000000		268435456
27575.000000		18350.000000		17793.000000		268435456
2323.000000		28842.000000		9901.000000		268435456
29499.000000		25341.000000		28644.000000		268435456
24414.000000		3665.000000		2434.000000		268435456
16197.000000		10670.000000		588.000000		268435456
16403.000000		16969.000000		4535.000000		268435456
18220.000000		2498.000000		28302.000000		268435456
31286.000000		10762.000000		24404.000000		268435456
31120.000000		9023.000000		2300.000000		268435456
2968.000000		5047.000000		2351.000000		268435456
1593.000000		8696.000000		21653.000000		268435456
12259.000000		30334.000000		17230.000000		268435456
15464.000000		11815.000000		3760.000000		268435456
9465.000000		28391.000000		3441.000000		268435456
5314.000000		3631.000000		2875.000000		268435456
20944.000000		6105.000000		16276.000000		268435456
17739.000000		15903.000000		29614.000000		268435456
30988.000000		9276.000000		10366.000000		268435456
9012.000000		4558.000000		2616.000000		268435456
29443.000000		9852.000000		22203.000000		268435456
26991.000000		31916.000000		32725.000000		268435456
8941.000000		19036.000000		7832.000000		268435456
3127.000000		26258.000000		1866.000000		268435456
2423.000000		15074.000000		4091.000000		268435456
24854.000000		5952.000000		26690.000000		268435456
2800.000000		20790.000000		25890.000000		268435456
24598.000000		19015.000000		15610.000000		268435456
18876.000000		19153.000000		4021.000000		268435456
28178.000000		31632.000000		2624.000000		268435456
26083.000000		29777.000000		31669.000000		268435456
18798.000000		196.000000		21681.000000		268435456
6349.000000		17349.000000		30759.000000		268435456
10646.000000		7735.000000		1909.000000		268435456
4232.000000		6231.000000		902.000000		268435456
14106.000000		1580.000000		16378.000000		268435456
12337.000000		3737.000000		3693.000000		268435456
1343.000000		10123.000000		12106.000000		268435456
850.000000		24545.000000		12534.000000		268435456
30557.000000		28002.000000		3352.000000		268435456
20564.000000		26742.000000		24506.000000		268435456
19298.000000		8895.000000		24987.000000		268435456
23134.000000		899.000000		29562.000000		268435456
12368.000000		9933.000000		714.000000		268435456
7463.000000		15616.000000		25304.000000		268435456
10903.000000		2874.000000		22175.000000		268435456
11699.000000		14618.000000		28589.000000		268435456
24974.000000		11085.000000		3933.000000		268435456
246.000000		28095.000000		20957.000000		268435456
6277.000000		21558.000000		30745.000000		268435456
13757.000000		13909.000000		10163.000000		268435456
23326.000000		18300.000000		22259.000000		268435456
12680.000000		13003.000000		14383.000000		268435456
6127.000000		18075.000000		14271.000000		268435456
30727.000000		6785.000000		28112.000000		268435456
21920.000000		809.000000		27922.000000		268435456
13180.000000		187.000000		28857.000000		268435456
11774.000000		20765.000000		3818.000000		268435456
30776.000000		19353.000000		32072.000000		268435456
6075.000000		24849.000000		1392.000000		268435456
30690.000000		8142.000000		4206.000000		268435456
4817.000000		9875.000000		4991.000000		268435456
10576.000000		4749.000000		21880.000000		268435456
21701.000000		29407.000000		10236.000000		268435456
28696.000000		24666.000000		30975.000000		268435456
26946.000000		18074.000000		19997.000000		268435456
6947.000000		721.000000		13109.000000		268435456
12468.000000		32102.000000		13359.000000		268435456
13287.000000		6261.000000		4056.000000		268435456
2554.000000		19562.000000		15751.000000		268435456
8213.000000		31017.000000		17508.000000		268435456
5444.000000		10525.000000		16276.000000		268435456
5598.000000		22242.000000		21855.000000		268435456
11703.000000		8183.000000		13139.000000		268435456
26391.000000		15794.000000		29145.000000		268435456
17513.000000		31450.000000		7061.000000		268435456
16877.000000		30526.000000		22639.000000		268435456
731.000000		25931.000000		30163.000000		268435456
17889.000000		5428.000000		23413.000000		268435456
21495.000000		4306.000000		3720.000000		268435456
16964.000000		875.000000		16914.000000		268435456
31288.000000		17954.000000		21315.000000		268435456
12145.000000		19879.000000		25210.000000		268435456
32399.000000		24529.000000		3065.000000		268435456
1645.000000		3643.000000		30079.000000		268435456
22298.000000		29127.000000		4660.000000		268435456
4803.000000		4610.000000		24113.000000		268435456
30156.000000		27829.000000		30776.000000		268435456
18600.000000		29536.000000		83.000000		268435456
20117.000000		28461.000000		27448.000000		268435456
7633.000000		4427.000000		22206.000000		268435456
8622.000000		15920.000000		17190.000000		268435456
28038.000000		10387.000000		22290.000000		268435456
16913.000000		7505.000000		30670.000000		268435456
8397.000000		17627.000000		25154.000000		268435456
31046.000000		702.000000		26171.000000		268435456
14792.000000		3075.000000		6624.000000		268435456
24850.000000		32206.000000		17040.000000		268435456
3484.000000		25073.000000		50.000000		268435456
24739.000000		9955.000000		4571.000000		268435456
31353.000000		23551.000000		23931.000000		268435456
15948.000000		9665.000000		25754.000000		268435456
20374.000000		17017.000000		3830.000000		268435456
14331.000000		22441.000000		5594.000000		268435456
31561.000000		17383.000000		13435.000000		268435456
9190.000000		28894.000000		23612.000000		268435456
30589.000000		20766.000000		14277.000000		268435456
2077.000000		11609.000000		20812.000000		268435456
26412.000000		10831.000000		29901.000000		268435456
13069.000000		21203.000000		2275.000000		268435456
30650.000000		17549.000000		27840.000000		268435456
30742.000000		31352.000000		13714.000000		268435456
28467.000000		11381.000000		30061.000000		268435456
6844.000000		25308.000000		30789.000000		268435456
27870.000000		13835.000000		21836.000000		268435456
30753.000000		31492.000000		10401.000000		268435456
21418.000000		29413.000000		16483.000000		268435456
29129.000000		32167.000000		28875.000000		268435456
11863.000000		24377.000000		17587.000000		268435456
19924.000000		24560.000000		21140.000000		268435456
11122.000000		19306.000000		29951.000000		268435456
51.000000		6505.000000		25923.000000		268435456
9073.000000		2853.000000		5886.000000		268435456
28040.000000		29404.000000		8820.000000		268435456
1439.000000		13367.000000		22104.000000		268435456
938.000000		10305.000000		15814.000000		268435456
6288.000000		1684.000000		4108.000000		268435456
19721.000000		19993.000000		5702.000000		268435456
16724.000000		17493.000000		16898.000000		268435456
15199.000000		9420.000000		8678.000000		268435456
4268.000000		7055.000000		6390.000000		268435456
7038.000000		25819.000000		4694.000000		268435456
14302.000000		7503.000000		2830.000000		268435456
18190.000000		9480.000000		12315.000000		268435456
20236.000000		25643.000000		30631.000000		268435456
2714.000000		22464.000000		21442.000000		268435456
5391.000000		21020.000000		30022.000000		268435456
9544.000000		3949.000000		20079.000000		268435456
5446.000000		157.000000		23734.000000		268435456
5379.000000		20865.000000		19016.000000		268435456
31197.000000		28492.000000		19625.000000		268435456
23813.000000		20041.000000		104.000000		268435456
20854.000000		31869.000000		25478.000000		268435456
28162.000000		26614.000000		25940.000000		268435456
17723.000000		4214.000000		21797.000000		268435456
7784.000000		7516.000000		28213.000000		268435456
14525.000000		28504.000000		24736.000000		268435456
1644.000000		15695.000000		8260.000000		268435456
7990.000000		12000.000000		3731.000000		268435456
26324.000000		19892.000000		2332.000000		268435456
2557.000000		9340.000000		6736.000000		268435456
21199.000000		23952.000000		23038.000000		268435456
8786.000000		5488.000000		2295.000000		268435456
29744.000000		7113.000000		31011.000000		268435456
29906.000000		22015.000000		18301.000000		268435456
16096.000000		5198.000000		17332.000000		268435456
16166.000000		9682.000000		17656.000000		268435456
4982.000000		29659.000000		16381.000000		268435456
24787.000000		18192.000000		28877.000000		268435456
31268.000000		13991.000000		29429.000000		268435456
13877.000000		23274.000000		23709.000000		268435456
5761.000000		16523.000000		15671.000000		268435456
4361.000000		18818.000000		4089.000000		268435456
2525.000000		7559.000000		25335.000000		268435456
17423.000000		13436.000000		28745.000000		268435456
32024.000000		8120.000000		32675.000000		268435456
24495.000000		31382.000000		2413.000000		268435456
19511.000000		19480.000000		28963.000000		268435456
23464.000000		30745.000000		5113.000000		268435456
7477.000000		6556.000000		4099.000000		268435456
3628.000000		17159.000000		23587.000000		268435456
22707.000000		32394.000000		8417.000000		268435456
2808.000000		29516.000000		14523.000000		268435456
22170.000000		13862.000000		8441.000000		268435456
25933.000000		26203.000000		9152.000000		268435456
27091.000000		7428.000000		12965.000000		268435456
26067.000000		11013.000000		20081.000000		268435456
7574.000000		3225.000000		20525.000000		268435456
8646.000000		11624.000000		18671.000000		268435456
15366.000000		20201.000000		23098.000000		268435456
4873.000000		9285.000000		6599.000000		268435456
26899.000000		10597.000000		25792.000000		268435456
26859.000000		30756.000000		31741.000000		268435456
3541.000000		10831.000000		8269.000000		268435456
22465.000000		12810.000000		31346.000000		268435456
20451.000000		26180.000000		14065.000000		268435456
16810.000000		17073.000000		21942.000000		268435456
11599.000000		15292.000000		15164.000000		268435456
15634.000000		29820.000000		7594.000000		268435456
24908.000000		4248.000000		11533.000000		268435456
19916.000000		27047.000000		14974.000000		268435456
16049.000000		25122.000000		27424.000000		268435456
11235.000000		30041.000000		22761.000000		268435456
1232.000000		31236.000000		31132.000000		268435456
16236.000000		14756.000000		23474.000000		268435456
10329.000000		15133.000000		9496.000000		268435456
6916.000000		3486.000000		10468.000000		268435456
27969.000000		20297.000000		1736.000000		268435456
18103.000000		5649.000000		29504.000000		268435456
20460.000000		7019.000000		6615.000000		268435456
11148.000000		118.000000		4298.000000		268435456
27397.000000		20834.000000		15120.000000		268435456
29669.000000		17206.000000		5509.000000		268435456
5318.000000		20396.000000		25455.000000		268435456
20340.000000		30567.000000		21947.000000		268435456
10661.000000		19681.000000		814.000000		268435456
18807.000000		8064.000000		13670.000000		268435456
13217.000000		8538.000000		26207.000000		268435456
22132.000000		19386.000000		21131.000000		268435456
9372.000000		27532.000000		19781.000000		268435456
31410.000000		22545.000000		14001.000000		268435456
32649.000000		23562.000000		12763.000000		268435456
32029.000000		18730.000000		24504.000000		268435456
24413.000000		15411.000000		24910.000000		268435456
4699.000000		25736.000000		10933.000000		268435456
7167.000000		20196.000000		27482.000000		268435456
23095.000000		21969.000000		2984.000000		268435456
11429.000000		3283.000000		17092.000000		268435456
32179.000000		22034.000000		4895.000000		268435456
9323.000000		1631.000000		4453.000000		268435456
18012.000000		11086.000000		7974.000000		268435456
4355.000000		29424.000000		1934.000000		268435456
14261.000000		17841.000000		18199.000000		268435456
27847.000000		14913.000000		8606.000000		268435456
6613.000000		3386.000000		10782.000000		268435456
3236.000000		7727.000000		20524.000000		268435456
4238.000000		28107.000000		22170.000000		268435456
18313.000000		11223.000000		28175.000000		268435456
23732.000000		10445.000000		5272.000000		268435456
22627.000000		20786.000000		19748.000000		268435456
19804.000000		15093.000000		2073.000000		268435456
31952.000000		28784.000000		11700.000000		268435456
17714.000000		2508.000000		28658.000000		268435456
25104.000000		7351.000000		32175.000000		268435456
7211.000000		24576.000000		19539.000000		268435456
24274.000000		25631.000000		5194.000000		268435456
8266.000000		20661.000000		1121.000000		268435456
5119.000000		14579.000000		5023.000000		268435456
6188.000000		14660.000000		17519.000000		268435456
10117.000000		16560.000000		32088.000000		268435456
149.000000		5677.000000		22186.000000		268435456
13267.000000		6444.000000		10388.000000		268435456
23095.000000		2860.000000		13917.000000		268435456
2956.000000		5354.000000		30334.000000		268435456
20327.000000		10153.000000		8732.000000		268435456
25740.000000		5525.000000		12382.000000		268435456
20867.000000		26626.000000		2926.000000		268435456
11876.000000		6151.000000		13566.000000		268435456
7211.000000		2395.000000		720.000000		268435456
6094.000000		18286.000000		21684.000000		268435456
24740.000000		18684.000000		13616.000000		268435456
25550.000000		5488.000000		17031.000000		268435456
17915.000000		26975.000000		19492.000000		268435456
31348.000000		29530.000000		9750.000000		268435456
31428.000000		9861.000000		5263.000000		268435456
27263.000000		27836.000000		27977.000000		268435456
23427.000000		28710.000000		18293.000000		268435456
10325.000000		7683.000000		19967.000000		268435456
15653.000000		7120.000000		16168.000000		268435456
3077.000000		25067.000000		18229.000000		268435456
19735.000000		6690.000000		22299.000000		268435456
13140.000000		9963.000000		11855.000000		268435456
16599.000000		24986.000000		16112.000000		268435456
19964.000000		14815.000000		16531.000000		268435456
19730.000000		1714.000000		14761.000000		268435456
18861.000000		1429.000000		6647.000000		268435456
8373.000000		11327.000000		10246.000000		268435456
8306.000000		24347.000000		10697.000000		268435456
31345.000000		26703.000000		26982.000000		268435456
1918.000000		1236.000000		4837.000000		268435456
28580.000000		14591.000000		8404.000000		268435456
13718.000000		2750.000000		10346.000000		268435456
12719.000000		503.000000		21510.000000		268435456
16275.000000		6258.000000		14641.000000		268435456
6927.000000		5777.000000		14444.000000		268435456
28328.000000		11713.000000		27517.000000		268435456
8162.000000		24026.000000		26284.000000		268435456
18294.000000		10500.000000		22409.000000		268435456
30109.000000		29928.000000		10016.000000		268435456
2588.000000		5743.000000		11022.000000		268435456
29718.000000		10563.000000		10788.000000		268435456
4790.000000		29196.000000		14554.000000		268435456
26165.000000		2117.000000		21858.000000		268435456
32528.000000		3621.000000		16122.000000		268435456
19176.000000		25032.000000		27484.000000		268435456
10615.000000		20047.000000		13119.000000		268435456
30515.000000		19325.000000		17630.000000		268435456
12783.000000		27468.000000		22775.000000		268435456
12390.000000		16308.000000		11300.000000		268435456
17978.000000		3704.000000		5166.000000		268435456
16875.000000		11659.000000		14293.000000		268435456
28262.000000		21395.000000		11745.000000		268435456
21542.000000		2484.000000		22567.000000		268435456
9965.000000		13806.000000		23008.000000		268435456
29278.000000		30296.000000		12988.000000		268435456
21127.000000		10864.000000		6732.000000		268435456
19365.000000		15808.000000		31272.000000		268435456
23861.000000		14833.000000		26112.000000		268435456
24378.000000		28361.000000		13333.000000		268435456
5947.000000		26584.000000		3654.000000		268435456
32482.000000		15180.000000		28032.000000		268435456
10746.000000		7931.000000		5527.000000		268435456
29208.000000		6153.000000		16012.000000		268435456
25069.000000		21308.000000		19563.000000		268435456
6969.000000		23216.000000		18391.000000		268435456
12340.000000		4181.000000		27191.000000		268435456
23536.000000		32280.000000		4437.000000		268435456
2931.000000		24263.000000		18478.000000		268435456
10372.000000		7635.000000		30497.000000		268435456
2804.000000		19960.000000		12390.000000		268435456
20960.000000		29076.000000		10948.000000		268435456
2112.000000		7894.000000		12133.000000		268435456
7279.000000		26142.000000		20443.000000		268435456
4789.000000		3237.000000		20301.000000		268435456
19997.000000		13510.000000		28973.000000		268435456
24007.000000		6584.000000		27414.000000		268435456
2075.000000		23456.000000		1927.000000		268435456
24035.000000		9287.000000		11680.000000		268435456
4409.000000		26607.000000		7677.000000		268435456
20786.000000		27559.000000		9089.000000		268435456
15350.000000		29052.000000		22372.000000		268435456
18604.000000		10375.000000		22480.000000		268435456
24470.000000		16595.000000		18201.000000		268435456
15171.000000		31493.000000		4973.000000		268435456
32217.000000		13211.000000		17266.000000		268435456
4102.000000		18353.000000		21359.000000		268435456
14122.000000		22918.000000		8822.000000		268435456
11657.000000		14555.000000		14006.000000		268435456
11619.000000		18831.000000		16805.000000		268435456
19456.000000		3014.000000		19427.000000		268435456
31092.000000		8823.000000		24569.000000		268435456
21703.000000		10638.000000		8215.000000		268435456
29332.000000		23237.000000		15720.000000		268435456
21837.000000		23009.000000		1102.000000		268435456
17854.000000		17338.000000		13712.000000		268435456
17569.000000		12770.000000		564.000000		268435456
21164.000000		16366.000000		13141.000000		268435456
25101.000000		19406.000000		15035.000000		268435456
32660.000000		31128.000000		31121.000000		268435456
6280.000000		25652.000000		14314.000000		268435456
18245.000000		11694.000000		24881.000000		268435456
26078.000000		16360.000000		26765.000000		268435456
15748.000000		14428.000000		26450.000000		268435456
5606.000000		18931.000000		22490.000000		268435456
13231.000000		17542.000000		17965.000000		268435456
290.000000		15154.000000		3109.000000		268435456
7190.000000		9046.000000		27144.000000		268435456
15245.000000		25952.000000		7986.000000		268435456
21643.000000		12799.000000		28507.000000		268435456
2962.000000		31161.000000		26578.000000		268435456
12558.000000		9012.000000		2532.000000		268435456
27229.000000		26502.000000		16318.000000		268435456
1450.000000		20247.000000		19566.000000		268435456
1539.000000		18728.000000		25085.000000		268435456
6880.000000		10114.000000		22379.000000		268435456
4916.000000		22139.000000		23855.000000		268435456
31271.000000		26608.000000		2230.000000		268435456
32631.000000		2476.000000		29332.000000		268435456
26739.000000		24446.000000		28949.000000		268435456
5659.000000		8152.000000		17835.000000		268435456
17091.000000		6326.000000		9306.000000		268435456
14694.000000		28938.000000		18870.000000		268435456
21786.000000		30240.000000		32553.000000		268435456
16045.000000		21365.000000		12692.000000		268435456
16000.000000		27600.000000		18902.000000		268435456
5965.000000		27645.000000		7072.000000		268435456
5327.000000		7529.000000		16856.000000		268435456
2506.000000		617.000000		5788.000000		268435456
20864.000000		9547.000000		7096.000000		268435456
9592.000000		14805.000000		15831.000000		268435456
11442.000000		29931.000000		3479.000000		268435456
8316.000000		32321.000000		23049.000000		268435456
32286.000000		26499.000000		30358.000000		268435456
17163.000000		7756.000000		407.000000		268435456
5057.000000		6040.000000		20929.000000		268435456
13353.000000		29822.000000		28228.000000		268435456
15437.000000		7442.000000		25426.000000		268435456
15191.000000		17835.000000		30586.000000		268435456
6103.000000		23759.000000		1388.000000		268435456
10233.000000		8788.000000		10152.000000		268435456
11057.000000		21501.000000		13713.000000		268435456
23130.000000		14109.000000		2156.000000		268435456
17130.000000		6308.000000		5770.000000		268435456
13194.000000		7329.000000		21640.000000		268435456
30971.000000		30236.000000		4729.000000		268435456
18583.000000		29010.000000		4046.000000		268435456
15488.000000		26478.000000		14148.000000		268435456
27346.000000		26668.000000		25729.000000		268435456
7433.000000		2762.000000		23465.000000		268435456
14871.000000		3416.000000		25320.000000		268435456
25458.000000		20630.000000		9618.000000		268435456
22355.000000		24095.000000		11009.000000		268435456
16446.000000		28109.000000		14973.000000		268435456
15551.000000		949.000000		29076.000000		268435456
7140.000000		19614.000000		18718.000000		268435456
3717.000000		6341.000000		2327.000000		268435456
28573.000000		10119.000000		18307.000000		268435456
12756.000000		28616.000000		27687.000000		268435456
3460.000000		31343.000000		17243.000000		268435456
29056.000000		25735.000000		2685.000000		268435456
29996.000000		21086.000000		2616.000000		268435456
16075.000000		28001.000000		6819.000000		268435456
19969.000000		4071.000000		19936.000000		268435456
489.000000		28964.000000		16866.000000		268435456
29447.000000		14696.000000		19719.000000		268435456
16725.000000		27806.000000		20762.000000		268435456
13262.000000		20898.000000		777.000000		268435456
30750.000000		16175.000000		28796.000000		268435456
7362.000000		7259.000000		386.000000		268435456
4778.000000		6151.000000		11621.000000		268435456
19736.000000		7687.000000		27856.000000		268435456
1700.000000		1486.000000		17614.000000		268435456
11012.000000		17587.000000		12514.000000		268435456
9748.000000		10476.000000		2566.000000		268435456
14085.000000		22422.000000		30184.000000		268435456
30416.000000		3249.000000		15541.000000		268435456
25953.000000		22563.000000		13500.000000		268435456
20159.000000		17918.000000		21081.000000		268435456
20782.000000		14960.000000		6427.000000		268435456
2740.000000		13904.000000		30393.000000		268435456
24183.000000		5185.000000		13317.000000		268435456
14527.000000		18476.000000		9218.000000		268435456
2397.000000		26919.000000		27365.000000		268435456
20555.000000		13928.000000		32401.000000		268435456
15947.000000		24429.000000		8264.000000		268435456
24930.000000		448.000000		27026.000000		268435456
15242.000000		15559.000000		22864.000000		268435456
20968.000000		12471.000000		24823.000000		268435456
14052.000000		23298.000000		12069.000000		268435456
6840.000000		25529.000000		23163.000000		268435456
25107.000000		9252.000000		15889.000000		268435456
20444.000000		15349.000000		4781.000000		268435456
32553.000000		25279.000000		3085.000000		268435456
26207.000000		7530.000000		3125.000000		268435456
4667.000000		7781.000000		7907.000000		268435456
28518.000000		1302.000000		30415.000000		268435456
28663.000000		9591.000000		15931.000000		268435456
13202.000000		4691.000000		177.000000		268435456
230.000000		7376.000000		14372.000000		268435456
2783.000000		3775.000000		4186.000000		268435456
8070.000000		17143.000000		32502.000000		268435456
19572.000000		16959.000000		24061.000000		268435456
2961.000000		22488.000000		11693.000000		268435456
3877.000000		18693.000000		11005.000000		268435456
5885.000000		6968.000000		31748.000000		268435456
32408.000000		32670.000000		15160.000000		268435456
407.000000		25444.000000		32245.000000		268435456
4679.000000		32108.000000		1822.000000		268435456
32339.000000		15045.000000		17009.000000		268435456
19156.000000		4132.000000		11961.000000		268435456
10658.000000		3680.000000		4969.000000		268435456
3954.000000		19230.000000		21808.000000		268435456
23144.000000		4206.000000		19841.000000		268435456
10312.000000		5025.000000		2426.000000		268435456
16238.000000		22921.000000		4101.000000		268435456
29723.000000		12139.000000		3123.000000		268435456
14691.000000		22573.000000		30194.000000		268435456
9897.000000		19747.000000		27594.000000		268435456
26052.000000		4468.000000		12086.000000		268435456
27245.000000		22145.000000		26507.000000		268435456
26957.000000		26455.000000		15734.000000		268435456
31697.000000		10825.000000		7986.000000		268435456
18614.000000		22496.000000		23027.000000		268435456
3317.000000		12396.000000		6149.000000		268435456
5358.000000		17927.000000		12911.000000		268435456
18571.000000		9450.000000		24999.000000		268435456
27671.000000		10301.000000		18713.000000		268435456
28555.000000		1616.000000		29734.000000		268435456
25319.000000		16839.000000		26604.000000		268435456
8347.000000		23270.000000		3569.000000		268435456
25150.000000		9084.000000		20999.000000		268435456
10627.000000		3044.000000		13238.000000		268435456
29456.000000		25984.000000		15844.000000		268435456
8716.000000		30794.000000		19803.000000		268435456
26363.000000		12056.000000		14714.000000		268435456
19732.000000		10545.000000		652.000000		268435456
22035.000000		676.000000		30129.000000		268435456
10174.000000		20394.000000		16027.000000		268435456
6872.000000		13156.000000		10410.000000		268435456
30728.000000		30860.000000		30363.000000		268435456
23369.000000		14233.000000		20175.000000		268435456
25391.000000		15547.000000		15875.000000		268435456
23187.000000		1302.000000		8357.000000		268435456
27044.000000		13520.000000		13629.000000		268435456
20692.000000		8039.000000		10197.000000		268435456
27016.000000		11567.000000		15081.000000		268435456
28380.000000		17940.000000		2026.000000		268435456
18906.000000		5088.000000		21439.000000		268435456
4605.000000		5797.000000		24499.000000		268435456
32746.000000		27605.000000		18003.000000		268435456
4171.000000		18813.000000		11849.000000		268435456
3500.000000		18780.000000		16172.000000		268435456
32719.000000		16800.000000		29485.000000		268435456
13049.000000		2544.000000		18150.000000		268435456
31652.000000		18170.000000		25337.000000		268435456
9443.000000		11682.000000		14173.000000		268435456
16372.000000		16333.000000		4759.000000		268435456
1449.000000		726.000000		32272.000000		268435456
4685.000000		26950.000000		30970.000000		268435456
23793.000000		17672.000000		10560.000000		268435456
24014.000000		14449.000000		11217.000000		268435456
17224.000000		30157.000000		19060.000000		268435456
17167.000000		1020.000000		21933.000000		268435456
9506.000000		9047.000000		29800.000000		268435456
10713.000000		11406.000000		9349.000000		268435456
16588.000000		4641.000000		21397.000000		268435456
14092.000000		31903.000000		26032.000000		268435456
8202.000000		26506.000000		26581.000000		268435456
29503.000000		14864.000000		16544.000000		268435456
6494.000000		4489.000000		2758.000000		268435456
32512.000000		13039.000000		5119.000000		268435456
11818.000000		19399.000000		516.000000		268435456
30652.000000		15415.000000		28942.000000		268435456
12838.000000		23739.000000		11601.000000		268435456
15547.000000		29801.000000		8008.000000		268435456
24035.000000		1437.000000		16442.000000		268435456
9652.000000		30023.000000		1721.000000		268435456
4439.000000		13901.000000		13286.000000		268435456
1246.000000		18207.000000		27021.000000		268435456
27808.000000		29312.000000		2316.000000		268435456
3218.000000		11630.000000		1475.000000		268435456
21630.000000		1998.000000		23365.000000		268435456
29909.000000		6074.000000		7680.000000		268435456
17726.000000		19585.000000		32306.000000		268435456
5987.000000		29429.000000		5377.000000		268435456
20999.000000		11557.000000		12846.000000		268435456
14612.000000		5836.000000		18714.000000		268435456
10175.000000		25425.000000		16781.000000		268435456
28082.000000		26538.000000		17851.000000		268435456
12815.000000		23081.000000		22665.000000		268435456
32661.000000		20826.000000		16125.000000		268435456
26159.000000		5496.000000		31093.000000		268435456
5797.000000		18316.000000		12194.000000		268435456
2673.000000		30336.000000		23505.000000		268435456
4753.000000		20648.000000		27660.000000		268435456
25301.000000		1489.000000		8263.000000		268435456
14936.000000		5303.000000		7442.000000		268435456
18954.000000		3004.000000		23750.000000		268435456
6013.000000		19783.000000		27591.000000		268435456
15261.000000		18760.000000		27438.000000		268435456
7545.000000		5266.000000		17288.000000		268435456
32591.000000		8626.000000		27218.000000		268435456
11847.000000		16733.000000		491.000000		268435456
20165.000000		2263.000000		21553.000000		268435456
13092.000000		2616.000000		17509.000000		268435456
17937.000000		9501.000000		15802.000000		268435456
27857.000000		26163.000000		20937.000000		268435456
1222.000000		21438.000000		4989.000000		268435456
24832.000000		23075.000000		29157.000000		268435456
26767.000000		13428.000000		17417.000000		268435456
29358.000000		26883.000000		28646.000000		268435456
2949.000000		7681.000000		5107.000000		268435456
20890.000000		798.000000		5209.000000		268435456
32700.000000		28424.000000		8377.000000		268435456
4379.000000		25346.000000		10708.000000		268435456
28346.000000		10023.000000		12021.000000		268435456
28928.000000		6252.000000		11180.000000		268435456
7890.000000		8801.000000		5539.000000		268435456
17216.000000		24748.000000		8271.000000		268435456
14752.000000		17712.000000		15212.000000		268435456
28577.000000		10548.000000		26900.000000		268435456
22039.000000		29145.000000		31785.000000		268435456
29351.000000		1103.000000		3995.000000		268435456
3549.000000		20438.000000		15389.000000		268435456
26468.000000		16688.000000		23831.000000		268435456
6381.000000		21624.000000		15264.000000		268435456
17404.000000		4058.000000		25116.000000		268435456
23475.000000		10248.000000		14636.000000		268435456
32518.000000		28310.000000		5569.000000		268435456
21279.000000		1298.000000		26883.000000		268435456
26630.000000		25063.000000		26934.000000		268435456
10087.000000		6051.000000		4336.000000		268435456
10168.000000		31045.000000		10531.000000		268435456
14698.000000		16542.000000		31701.000000		268435456
11494.000000		12805.000000		22631.000000		268435456
2034.000000		1395.000000		19449.000000		268435456
20728.000000		14131.000000		26638.000000		268435456
8522.000000		28377.000000		17495.000000		268435456
19342.000000		6218.000000		24225.000000		268435456
19174.000000		14697.000000		16479.000000		268435456
11951.000000		10773.000000		13585.000000		268435456
27654.000000		4379.000000		3818.000000		268435456
11651.000000		11288.000000		31212.000000		268435456
27042.000000		11548.000000		4173.000000		268435456
28044.000000		21072.000000		15279.000000		268435456
20734.000000		4985.000000		8390.000000		268435456
9942.000000		17967.000000		24892.000000		268435456
15288.000000		9349.000000		20428.000000		268435456
29087.000000		25375.000000		997.000000		268435456
4915.000000		23579.000000		31196.000000		268435456
24671.000000		12787.000000		8336.000000		268435456
4766.000000		2806.000000		24019.000000		268435456
31545.000000		17413.000000		7643.000000		268435456
28183.000000		13534.000000		2056.000000		268435456
28219.000000		23038.000000		17227.000000		268435456
10900.000000		20572.000000		15503.000000		268435456
19970.000000		2933.000000		25064.000000		268435456
17813.000000		27437.000000		14202.000000		268435456
20105.000000		15337.000000		10454.000000		268435456
7380.000000		17077.000000		29935.000000		268435456
13914.000000		24256.000000		204.000000		268435456
25955.000000		16923.000000		3174.000000		268435456
19552.000000		12118.000000		24438.000000		268435456
16128.000000		8147.000000		20851.000000		268435456
2293.000000		25406.000000		24616.000000		268435456
23431.000000		4805.000000		12777.000000		268435456
787.000000		19521.000000		8554.000000		268435456
7112.000000		23378.000000		31798.000000		268435456
30897.000000		11456.000000		32576.000000		268435456
14887.000000		14054.000000		10814.000000		268435456
32168.000000		31879.000000		20552.000000		268435456
28890.000000		21719.000000		19512.000000		268435456
24250.000000		21812.000000		24565.000000		268435456
19606.000000		6587.000000		3106.000000		268435456
11925.000000		1206.000000		2712.000000		268435456
24078.000000		31370.000000		19951.000000		268435456
20704.000000		10649.000000		12284.000000		268435456
2970.000000		2841.000000		31108.000000		268435456
15292.000000		4119.000000		14257.000000		268435456
12753.000000		5077.000000		21265.000000		268435456
8760.000000		6181.000000		11876.000000		268435456
23810.000000		12492.000000		15217.000000		268435456
23209.000000		3065.000000		9684.000000		268435456
32465.000000		12381.000000		5531.000000		268435456
10737.000000		19381.000000		2374.000000		268435456
27239.000000		12849.000000		12094.000000		268435456
14602.000000		24127.000000		5766.000000		268435456
26347.000000		30529.000000		14884.000000		268435456
27767.000000		8308.000000		12237.000000		268435456
6978.000000		31254.000000		28918.000000		268435456
11630.000000		17196.000000		21810.000000		268435456
18257.000000		21137.000000		15720.000000		268435456
717.000000		24014.000000		21609.000000		268435456
32302.000000		10960.000000		28422.000000		268435456
11329.000000		24173.000000		13310.000000		268435456
12799.000000		13073.000000		6415.000000		268435456
23591.000000		24983.000000		6991.000000		268435456
11646.000000		8350.000000		21286.000000		268435456
15623.000000		19303.000000		2797.000000		268435456
24671.000000		26670.000000		11198.000000		268435456
13766.000000		10359.000000		12596.000000		268435456
31490.000000		7741.000000		27786.000000		268435456
27608.000000		14530.000000		5429.000000		268435456
2874.000000		18496.000000		12384.000000		268435456
25880.000000		24473.000000		17993.000000		268435456
28437.000000		32716.000000		1865.000000		268435456
29468.000000		23349.000000		18658.000000		268435456
21473.000000		9474.000000		20660.000000		268435456
20496.000000		27539.000000		10617.000000		268435456
26346.000000		4065.000000		23820.000000		268435456
6535.000000		17299.000000		1195.000000		268435456
10908.000000		18510.000000		7962.000000		268435456
12226.000000		4247.000000		32737.000000		268435456
24087.000000		23275.000000		2811.000000		268435456
86.000000		25622.000000		12307.000000		268435456
24146.000000		29980.000000		922.000000		268435456
31041.000000		10202.000000		21647.000000		268435456
12129.000000		7370.000000		14564.000000		268435456
24010.000000		20714.000000		10692.000000		268435456
16762.000000		10428.000000		26677.000000		268435456
2236.000000		3652.000000		31871.000000		268435456
22730.000000		9388.000000		23981.000000		268435456
24548.000000		2044.000000		8231.000000		268435456
4161.000000		6227.000000		12399.000000		268435456
27351.000000		14425.000000		2770.000000		268435456
3800.000000		19241.000000		19707.000000		268435456
13155.000000		19460.000000		12359.000000		268435456
1020.000000		9875.000000		18460.000000		268435456
24647.000000		5991.000000		20816.000000		268435456
11047.000000		22177.000000		31267.000000		268435456
27387.000000		24272.000000		26343.000000		268435456
16335.000000		19902.000000		21865.000000		268435456
30640.000000		15345.000000		10528.000000		268435456
16945.000000		27094.000000		7248.000000		268435456
17110.000000		9938.000000		32737.000000		268435456
670.000000		14812.000000		23086.000000		268435456
22978.000000		24922.000000		32709.000000		268435456
27739.000000		22725.000000		8181.000000		268435456
31824.000000		3052.000000		32705.000000		268435456
18996.000000		3899.000000		20595.000000		268435456
9105.000000		20181.000000		25692.000000		268435456
3652.000000		32712.000000		4469.000000		268435456
19949.000000		6011.000000		929.000000		268435456
21425.000000		6440.000000		3648.000000		268435456
27445.000000		14732.000000		4372.000000		268435456
11337.000000		30961.000000		27920.000000		268435456
9118.000000		9121.000000		25414.000000		268435456
9529.000000		23787.000000		31912.000000		268435456
19106.000000		5134.000000		11501.000000		268435456
5468.000000		19360.000000		17.000000		268435456
11060.000000		9686.000000		380.000000		268435456
3289.000000		19719.000000		28183.000000		268435456
3273.000000		30462.000000		16820.000000		268435456
28933.000000		29286.000000		18229.000000		268435456
26916.000000		24753.000000		26286.000000		268435456
16572.000000		6322.000000		8155.000000		268435456
22767.000000		3833.000000		8765.000000		268435456
31928.000000		21277.000000		30302.000000		268435456
20860.000000		2291.000000		456.000000		268435456
3215.000000		21394.000000		13041.000000		268435456
30796.000000		15303.000000		15587.000000		268435456
1113.000000		1352.000000		5496.000000		268435456
8485.000000		10708.000000		11089.000000		268435456
14385.000000		29114.000000		10257.000000		268435456
4583.000000		19653.000000		5693.000000		268435456
25101.000000		679.000000		24234.000000		268435456
29531.000000		21649.000000		18115.000000		268435456
5023.000000		21476.000000		11004.000000		268435456
30896.000000		1681.000000		26657.000000		268435456
4418.000000		7710.000000		18880.000000		268435456
20329.000000		26421.000000		7725.000000		268435456
21534.000000		24559.000000		14595.000000		268435456
26590.000000		24055.000000		8414.000000		268435456
8448.000000		23751.000000		28887.000000		268435456
10920.000000		30374.000000		21516.000000		268435456
11945.000000		24986.000000		28378.000000		268435456
18826.000000		5148.000000		16053.000000		268435456
4465.000000		3413.000000		14923.000000		268435456
6841.000000		10227.000000		1893.000000		268435456
23452.000000		12162.000000		2463.000000		268435456
25484.000000		8168.000000		17303.000000		268435456
26799.000000		14763.000000		29661.000000		268435456
13313.000000		1245.000000		1574.000000		268435456
28577.000000		20569.000000		26405.000000		268435456
1685.000000		4280.000000		15653.000000		268435456
2765.000000		20157.000000		19240.000000		268435456
20581.000000		6051.000000		10686.000000		268435456
13787.000000		7272.000000		4486.000000		268435456
7053.000000		22084.000000		7396.000000		268435456
8487.000000		5797.000000		20294.000000		268435456
14918.000000		23057.000000		14842.000000		268435456
30545.000000		5959.000000		8679.000000		268435456
11055.000000		6606.000000		23744.000000		268435456
7405.000000		24840.000000		26557.000000		268435456
30655.000000		17354.000000		29218.000000		268435456
23452.000000		32218.000000		1677.000000		268435456
15330.000000		5259.000000		11203.000000		268435456
8429.000000		30123.000000		27823.000000		268435456
12829.000000		981.000000		1108.000000		268435456
20180.000000		17550.000000		30752.000000		268435456
8665.000000		3926.000000		7958.000000		268435456
24225.000000		11600.000000		19521.000000		268435456
30111.000000		12646.000000		14111.000000		268435456
6327.000000		469.000000		10813.000000		268435456
7533.000000		30610.000000		9015.000000		268435456
12920.000000		19670.000000		26955.000000		268435456
17774.000000		32750.000000		31075.000000		268435456
4379.000000		222.000000		834.000000		268435456
25529.000000		13663.000000		10620.000000		268435456
2920.000000		32400.000000		8001.000000		268435456
16351.000000		16996.000000		2151.000000		268435456
7573.000000		30873.000000		26453.000000		268435456
28022.000000		12033.000000		19911.000000		268435456
27059.000000		1509.000000		5985.000000		268435456
20199.000000		18901.000000		1083.000000		268435456
25705.000000		8938.000000		25270.000000		268435456
10265.000000		9612.000000		28810.000000		268435456
248.000000		2344.000000		23325.000000		268435456
8414.000000		27433.000000		3664.000000		268435456
24757.000000		12332.000000		16198.000000		268435456
25899.000000		22228.000000		254.000000		268435456
18813.000000		3513.000000		20427.000000		268435456
25976.000000		14391.000000		20053.000000		268435456
17369.000000		21224.000000		20822.000000		268435456
9191.000000		4244.000000		29599.000000		268435456
